Data/dem.asc
NCOLS 288 
NROWS 120 
XLLCORNER -78.5 
YLLCORNER 17.6 
CELLSIZE 0.00833333333333335 
NODATA_value -9999 
[rows 40 to 79 of 120, columns 89 to 177 of 288]
432 448 446 404 438 419 367 377 378 502 592 648 689 697 618 559 523 558 605 639 633 656 671 704 682 669 738 688 753 865 839 751 744 684 684 642 661 678 702 680 713 737 696 679 668 671 669 680 675 683 668 683 698 706 688 691 703 762 761 731 711 713 731 728 721 510 515 522 526 559 588 620 616 404 378 431 423 327 366 399 431 441 433 446 473 514 540 553 550
437 384 400 386 392 406 376 379 374 415 514 585 646 671 623 594 527 490 536 525 528 539 595 644 671 733 795 775 783 857 876 817 772 716 693 685 682 679 691 664 698 718 677 631 611 616 624 646 648 666 687 704 727 726 717 700 680 768 775 745 724 713 707 728 718 561 588 560 539 557 584 624 588 364 417 512 467 367 459 490 501 530 509 490 514 546 569 561 564
421 367 392 445 446 387 393 365 350 373 467 469 521 558 550 541 510 487 492 561 642 652 608 621 617 650 720 816 791 801 832 866 818 793 746 714 680 666 692 674 678 687 675 666 631 622 605 626 646 678 710 743 753 746 712 697 671 727 769 758 742 734 706 700 678 569 616 587 556 573 578 594 512 381 483 553 527 501 496 529 510 580 528 508 537 554 572 561 563
443 432 434 451 507 437 421 382 358 371 403 438 448 406 425 458 505 513 547 593 699 772 754 770 705 706 698 706 761 877 852 846 806 877 861 849 805 724 681 652 675 668 625 594 587 591 585 607 620 620 642 698 728 726 689 677 651 668 733 741 737 726 705 648 625 579 630 610 568 555 554 557 487 480 562 614 613 599 567 511 492 552 564 550 567 573 531 543 550
439 416 387 434 449 447 440 376 366 413 421 441 450 364 359 405 449 486 539 547 588 657 684 707 763 850 882 808 736 878 927 829 802 898 892 897 888 853 827 698 623 610 579 565 564 565 580 593 610 635 663 677 712 718 681 674 664 674 709 733 734 721 700 634 546 586 575 608 577 551 537 534 522 604 654 673 707 689 657 551 531 566 581 595 613 626 573 541 553
365 400 337 351 346 343 390 366 352 396 369 412 460 434 313 358 390 455 471 508 580 612 653 663 717 783 863 896 863 796 832 849 827 838 877 895 874 833 843 819 673 609 587 574 569 562 553 556 578 615 656 654 685 703 683 661 662 677 707 733 737 728 711 643 483 544 583 582 571 546 532 521 601 723 739 726 776 743 702 592 560 599 611 633 642 676 665 579 518
361 357 266 253 258 285 376 357 315 358 369 376 416 417 307 293 311 385 446 507 539 578 598 649 663 710 774 838 890 903 841 838 817 796 753 751 755 701 683 740 680 607 572 587 598 580 555 550 555 579 622 635 663 659 660 674 697 709 707 720 736 715 696 613 479 528 580 556 557 529 529 520 635 837 824 783 830 805 735 605 563 601 613 605 639 639 587 499 407
303 283 234 195 197 219 243 313 285 311 361 378 353 416 293 255 269 348 419 484 516 565 554 637 623 670 722 796 851 892 902 831 751 702 679 653 687 642 623 649 624 615 662 713 772 753 622 560 547 561 567 596 647 661 691 715 720 725 713 704 716 705 676 615 487 461 545 580 557 532 531 533 596 901 893 812 873 885 795 616 436 415 423 354 340 335 325 322 320
255 239 203 168 172 151 166 202 249 253 284 333 340 351 254 206 294 345 397 483 537 609 580 604 585 589 707 769 817 878 896 830 853 826 798 703 651 613 604 595 611 614 622 701 773 755 755 685 588 547 549 608 660 682 696 718 728 723 707 698 680 666 643 586 497 450 477 519 539 530 511 503 506 795 920 833 882 915 824 606 345 275 302 286 220 205 217 219 220
224 192 197 141 136 135 141 139 145 144 182 198 262 288 222 198 201 282 327 410 509 591 639 645 643 580 645 693 742 822 875 807 770 782 714 709 685 667 623 628 545 554 559 618 694 666 666 687 639 612 577 608 645 664 699 705 712 690 643 637 616 614 554 530 536 617 517 505 523 501 491 486 464 630 842 849 871 807 719 494 281 226 209 194 173 165 181 181 179
187 213 170 133 136 131 129 129 130 135 139 139 194 257 204 193 197 208 227 292 424 557 582 665 734 685 712 698 726 732 799 827 775 746 694 652 655 629 646 611 532 488 486 509 550 559 537 601 640 614 629 643 646 658 679 659 635 611 595 592 590 596 579 562 565 651 603 484 533 480 473 463 445 437 695 776 705 552 433 300 247 217 194 169 152 145 160 160 160
135 183 152 129 131 135 138 131 130 134 149 161 209 247 287 254 231 208 263 338 332 461 603 687 792 821 778 765 785 781 773 820 788 736 709 727 736 662 681 619 608 510 466 452 430 445 448 624 645 598 604 621 624 657 706 702 676 642 615 582 559 508 515 554 537 578 619 489 505 477 428 427 404 363 503 671 565 371 286 267 265 223 183 162 142 134 137 139 152
127 131 170 134 144 175 160 144 139 130 133 152 215 337 381 374 288 222 240 285 291 327 466 621 732 815 814 836 783 777 809 849 823 796 778 767 800 747 676 636 610 540 472 418 396 348 370 488 495 419 546 544 524 553 586 624 725 776 714 641 615 494 404 437 500 524 511 487 462 445 403 383 370 358 405 604 536 378 264 272 286 236 187 179 154 129 124 135 140
155 166 219 250 230 284 257 241 213 182 173 218 252 276 331 410 360 360 328 260 329 305 371 466 551 677 775 869 861 825 815 818 862 872 849 817 811 767 742 661 568 457 413 377 356 356 316 371 392 347 420 397 388 456 478 495 593 682 777 763 643 528 496 397 460 490 532 517 489 441 404 371 362 352 358 521 507 369 257 272 254 236 196 174 155 130 120 129 121
115 118 186 223 306 322 334 303 266 263 227 118 133 190 148 241 410 491 486 429 410 368 389 440 495 569 654 748 803 837 838 824 797 784 798 813 853 868 814 750 682 564 561 545 470 442 349 300 303 324 309 277 325 363 334 391 421 523 597 606 558 547 545 414 413 484 519 521 494 480 426 386 363 360 355 428 497 362 276 324 323 292 229 190 164 139 117 117 116
88 37 37 70 96 132 169 142 153 143 123 58 30 39 63 160 440 605 630 617 578 515 502 486 504 515 573 609 663 805 824 796 821 766 792 783 841 903 876 841 779 629 609 575 599 541 467 457 365 288 259 260 288 306 292 323 362 392 504 525 481 487 527 450 343 436 491 496 489 446 429 377 372 373 372 395 479 464 388 386 465 403 320 246 172 138 119 118 120
165 17 12 8 5 7 23 23 25 35 32 26 33 24 37 149 361 560 715 744 734 613 586 558 527 518 491 513 584 740 843 748 776 718 773 724 786 859 916 912 875 749 597 541 496 531 625 642 596 490 404 350 304 337 248 243 254 250 302 404 368 410 479 296 353 466 477 471 519 473 469 409 380 387 389 433 481 508 462 447 455 439 371 268 171 130 128 122 113
173 21 13 9 4 3 3 5 6 10 16 18 18 20 23 92 335 570 741 806 815 699 648 595 552 541 502 480 515 681 822 811 722 679 712 735 734 802 896 905 909 832 724 663 583 498 513 637 730 716 576 468 365 280 234 230 228 226 273 308 280 305 295 306 385 397 404 399 417 503 571 561 464 429 427 464 538 495 503 492 453 394 363 263 151 119 111 114 101
142 37 9 10 5 3 2 2 3 4 6 10 13 16 15 21 226 607 776 840 832 779 709 647 578 538 526 509 474 557 726 883 745 661 710 722 705 771 831 875 879 926 917 831 623 490 408 486 470 519 501 435 399 334 249 212 208 193 188 235 248 247 228 232 226 217 240 257 283 349 504 610 566 458 454 503 514 509 475 475 489 358 343 246 147 110 101 109 92
98 32 6 6 6 3 2 2 1 2 4 5 11 18 16 22 172 500 691 839 844 787 728 694 630 574 569 559 503 467 551 726 775 570 636 688 649 745 802 841 832 861 909 889 783 603 461 369 350 331 332 307 258 235 217 208 202 193 187 205 203 251 265 261 249 187 216 288 385 385 400 487 595 537 505 566 576 553 510 486 459 376 259 218 132 115 109 109 102
45 37 7 4 4 3 1 1 0 3 4 5 7 10 14 14 93 420 717 854 875 814 730 681 655 600 569 577 541 493 469 473 553 479 530 652 594 693 802 863 857 853 864 872 836 732 611 489 435 393 469 435 326 246 222 212 224 198 183 208 204 249 276 262 199 195 230 301 341 473 565 591 602 620 540 548 597 612 604 533 432 376 252 154 198 313 268 316 310
16 36 13 5 4 5 3 1 2 3 4 5 7 11 8 10 14 218 626 824 882 820 756 691 655 613 575 582 564 530 508 458 424 394 423 529 569 594 761 885 903 869 843 814 822 822 781 687 621 589 610 583 488 383 291 267 253 208 228 244 205 187 196 189 185 258 333 394 396 400 505 684 724 763 665 619 585 602 607 566 481 421 298 172 163 251 288 379 325
19 41 22 4 4 6 5 6 4 3 3 5 7 9 10 28 29 81 457 785 887 859 786 722 672 642 573 564 586 534 527 499 443 414 403 429 533 547 656 831 920 866 783 777 713 727 728 721 730 697 665 644 609 484 390 348 307 240 235 233 195 163 169 163 201 269 309 379 464 564 530 575 605 661 616 556 543 559 565 518 497 459 382 302 222 293 338 382 392
89 133 46 4 2 4 3 10 24 14 6 6 7 8 18 44 54 90 372 761 867 883 842 773 706 666 625 562 606 578 536 507 449 395 411 398 456 571 543 642 801 851 696 680 659 634 612 642 665 613 558 552 608 542 526 440 363 267 251 284 291 241 199 186 239 228 260 325 386 546 535 484 532 603 542 515 484 474 472 433 422 391 336 263 285 322 345 374 348
140 221 146 47 10 3 3 6 36 43 21 19 10 8 11 24 30 70 255 645 833 893 852 813 754 706 674 631 648 649 652 603 514 414 413 443 372 412 492 499 557 637 664 532 549 584 594 588 554 519 473 441 475 484 478 475 405 288 277 322 338 309 211 195 225 218 288 319 332 401 458 580 548 603 555 511 464 424 396 361 363 311 233 218 268 301 327 338 310
97 235 274 141 78 53 20 14 33 59 47 30 18 14 11 15 38 101 249 425 684 878 858 789 737 702 658 635 653 648 643 629 541 464 439 513 479 348 285 381 473 531 573 519 448 510 564 573 536 519 493 428 370 364 344 520 479 376 321 365 346 334 241 190 234 253 294 285 358 553 564 615 513 552 444 462 485 442 386 408 367 270 193 219 243 265 282 291 278
71 270 380 276 133 114 61 38 44 62 76 53 38 35 17 22 44 84 180 332 561 773 868 800 760 716 696 646 627 626 605 592 553 524 468 451 443 407 257 255 265 320 363 391 422 484 536 542 546 500 494 520 447 288 259 476 517 467 389 370 344 332 282 159 189 199 215 187 237 361 415 547 413 444 400 425 438 434 441 388 275 185 169 163 173 228 257 247 241
75 334 489 427 260 142 97 71 63 73 89 81 45 38 24 28 40 66 101 225 522 677 852 819 764 745 728 689 641 627 626 610 604 553 543 453 348 337 292 187 173 147 202 207 373 484 531 517 514 495 484 455 459 323 235 296 445 476 451 383 330 316 310 255 136 162 192 207 277 277 315 408 376 325 387 401 448 448 419 320 186 157 153 154 171 224 220 196 194
54 314 525 499 392 214 137 106 78 83 101 97 64 47 32 41 44 51 89 148 393 639 793 809 781 744 722 709 692 676 639 634 621 597 581 532 400 299 313 233 172 141 139 132 183 413 509 499 497 483 443 396 384 335 226 191 317 415 403 375 307 317 324 280 208 131 150 179 342 391 348 361 358 285 320 356 401 395 318 214 198 187 156 156 165 186 158 161 152
24 204 464 539 454 306 191 152 108 88 102 99 83 63 40 57 53 57 97 154 298 550 714 777 775 768 734 723 721 718 674 639 629 609 584 570 451 275 264 253 176 210 259 172 142 228 434 472 455 443 395 356 306 266 221 161 223 378 331 284 240 278 337 273 188 155 105 113 258 393 441 414 346 246 244 289 318 256 177 179 226 189 193 172 152 152 149 133 127
6 47 293 521 515 407 269 206 149 123 112 107 99 86 74 92 88 86 112 183 280 493 664 741 761 758 743 745 734 728 712 670 652 620 603 587 514 337 257 258 171 175 272 240 137 152 278 425 375 337 330 288 238 208 200 167 149 221 253 166 141 201 261 237 175 130 91 122 167 294 357 396 363 250 191 254 240 187 146 174 217 181 194 167 131 106 119 109 90
1 6 130 448 560 496 383 283 216 182 152 152 114 105 138 152 134 128 135 192 245 415 637 724 755 766 777 763 744 724 718 683 660 640 622 618 565 479 279 273 227 175 181 230 168 111 124 319 289 251 277 229 199 177 167 130 124 127 162 103 106 144 211 195 156 127 79 122 145 201 259 377 341 226 172 202 187 222 158 137 194 164 152 161 126 86 88 89 83
0 19 54 337 597 568 492 380 317 254 214 220 148 121 153 190 161 162 163 201 244 316 538 710 773 795 777 754 730 714 693 675 658 645 619 618 574 519 421 236 247 200 188 171 124 81 62 151 246 217 209 205 170 131 89 87 86 95 115 89 91 122 139 134 133 111 82 125 131 158 210 306 297 215 171 138 150 202 150 106 182 151 109 122 99 69 53 74 87
4 6 16 269 616 619 567 474 411 331 269 248 187 141 138 190 186 181 172 200 237 265 354 634 730 779 768 743 713 701 695 666 650 637 616 601 581 507 476 275 200 211 182 151 91 65 58 54 101 149 143 131 118 72 60 63 60 69 75 72 80 93 103 114 114 84 105 122 118 135 179 266 286 234 130 101 111 171 138 90 125 130 75 96 62 25 19 39 50
8 5 6 224 598 653 629 548 493 424 323 268 215 159 129 145 164 170 179 202 232 260 287 440 636 740 762 745 714 702 694 649 638 620 592 572 550 503 481 374 182 219 212 179 97 55 51 46 45 45 52 52 51 48 57 55 54 56 57 62 66 77 86 95 99 70 105 116 117 131 161 207 228 226 107 84 75 141 152 119 68 93 46 31 38 18 16 19 22
9 7 11 107 446 641 663 616 567 492 394 302 256 187 137 124 129 171 194 224 228 269 285 346 558 704 737 746 728 723 702 670 640 620 584 564 519 521 505 453 237 217 246 198 89 46 45 42 41 40 38 41 45 45 47 48 49 50 54 61 66 73 83 85 74 84 106 120 110 112 146 153 199 151 81 70 67 101 154 156 65 71 32 21 19 15 16 18 19
10 9 13 40 280 519 659 661 615 553 467 376 312 226 148 135 129 175 204 223 223 246 281 354 557 687 741 754 763 730 720 698 660 640 602 579 540 546 524 498 423 296 220 169 91 45 42 39 38 37 37 39 41 41 43 45 46 50 46 50 64 69 66 77 83 90 101 113 122 100 122 113 134 86 62 56 62 86 126 153 55 34 29 22 17 13 13 15 15
14 12 17 28 153 424 581 670 636 583 520 454 407 316 178 137 147 184 208 224 227 240 270 326 483 693 762 772 766 752 762 725 685 641 607 575 545 524 528 515 512 471 337 142 89 44 40 37 40 36 35 37 38 38 40 43 46 50 43 43 61 78 80 83 83 97 101 112 111 93 97 91 103 63 47 48 51 55 55 48 34 28 25 22 17 13 11 12 13
17 15 16 35 65 210 515 674 662 617 570 533 512 436 306 194 159 182 208 214 223 228 236 258 411 697 778 788 786 787 789 741 708 660 611 574 549 528 540 525 535 537 414 164 136 41 37 36 44 42 33 35 34 36 39 41 46 51 48 40 58 87 81 78 81 97 96 89 74 61 59 58 99 68 38 39 38 36 32 30 22 22 21 19 16 12 10 12 11
15 16 16 34 37 63 404 676 712 694 655 625 578 512 432 315 236 228 239 240 239 223 214 226 290 673 803 815 813 789 769 750 702 665 633 590 556 549 550 538 543 521 463 228 167 61 36 34 43 44 32 32 34 35 36 40 44 48 48 38 43 81 90 78 80 89 92 78 71 53 44 45 68 46 30 31 29 28 22 19 15 16 16 15 13 11 8 9 9
