Data/dem.asc
NCOLS 288 
NROWS 120 
XLLCORNER -78.5 
YLLCORNER 17.6 
CELLSIZE 0.00833333333333335 
NODATA_value -9999 
[rows 40 to 79 of 120, columns 178 to 266 of 288]
503 482 459 463 502 494 541 540 523 506 449 465 373 253 215 238 241 266 285 220 150 146 90 128 70 26 18 14 8 9 16 70 81 15 6 9 18 11 11 7 3 -9999 -9999 -9999 -9999 -9999 -9999 -9999 -9999 -9999 -9999 -9999 -9999 -9999 -9999 -9999 -9999 -9999 -9999 -9999 -9999 -9999 -9999 -9999 -9999 -9999 -9999 -9999 -9999 -9999 -9999 -9999 -9999 -9999 -9999 -9999 -9999 -9999 -9999 -9999 -9999 -9999 -9999 -9999 -9999 -9999 -9999 -9999 -9999
558 510 521 543 550 568 524 483 467 423 398 400 382 286 217 200 276 286 278 248 166 141 141 117 17 21 126 82 58 33 17 78 58 18 33 155 168 86 124 56 19 4 -9999 -9999 -9999 -9999 -9999 -9999 -9999 -9999 -9999 -9999 -9999 -9999 -9999 -9999 -9999 -9999 -9999 -9999 -9999 -9999 -9999 -9999 -9999 -9999 -9999 -9999 -9999 -9999 -9999 -9999 -9999 -9999 -9999 -9999 -9999 -9999 -9999 -9999 -9999 -9999 -9999 -9999 -9999 -9999 -9999 -9999 -9999
568 582 558 550 478 524 566 502 435 404 302 299 321 285 209 185 264 215 213 220 174 184 136 55 27 68 220 206 86 30 35 114 46 55 102 237 227 193 242 187 83 17 -9999 -9999 -9999 -9999 -9999 -9999 -9999 -9999 -9999 -9999 -9999 -9999 -9999 -9999 -9999 -9999 -9999 -9999 -9999 -9999 -9999 -9999 -9999 -9999 -9999 -9999 -9999 -9999 -9999 -9999 -9999 -9999 -9999 -9999 -9999 -9999 -9999 -9999 -9999 -9999 -9999 -9999 -9999 -9999 -9999 -9999 -9999
574 567 498 441 431 467 461 436 380 347 261 227 200 182 171 144 173 209 175 158 186 199 213 181 75 101 200 276 101 32 60 104 34 84 140 301 344 360 374 273 145 34 8 4 -9999 -9999 -9999 -9999 -9999 -9999 -9999 -9999 -9999 -9999 -9999 -9999 -9999 -9999 -9999 -9999 -9999 -9999 -9999 -9999 -9999 -9999 -9999 -9999 -9999 -9999 -9999 -9999 -9999 -9999 -9999 -9999 -9999 -9999 -9999 -9999 -9999 -9999 -9999 -9999 -9999 -9999 -9999 -9999 -9999
577 542 521 434 410 476 448 418 379 365 296 240 208 202 254 163 147 219 140 106 165 268 330 199 136 216 251 226 119 48 129 133 75 54 181 473 449 335 246 183 109 45 28 58 26 4 1 7 7 13 24 -9999 -9999 -9999 -9999 -9999 -9999 -9999 -9999 -9999 -9999 -9999 -9999 -9999 -9999 -9999 -9999 -9999 -9999 -9999 -9999 -9999 -9999 -9999 -9999 -9999 -9999 -9999 -9999 -9999 -9999 -9999 -9999 -9999 -9999 -9999 -9999 -9999 -9999
502 472 477 424 365 318 358 358 403 439 308 286 285 246 226 182 135 135 137 126 105 158 242 132 116 279 366 211 113 77 124 190 126 65 190 451 367 352 173 126 99 73 94 128 103 38 10 31 29 17 53 26 -9999 -9999 -9999 -9999 -9999 -9999 -9999 -9999 -9999 -9999 -9999 -9999 -9999 -9999 -9999 -9999 -9999 -9999 -9999 -9999 -9999 -9999 -9999 -9999 -9999 -9999 -9999 -9999 -9999 -9999 -9999 -9999 -9999 -9999 -9999 -9999 -9999
347 342 311 296 303 251 342 404 406 437 300 282 289 220 197 199 150 209 181 134 189 126 110 157 90 288 412 275 261 170 259 226 218 133 161 328 232 247 224 321 198 91 194 215 145 106 24 98 57 45 99 90 20 -9999 -9999 -9999 -9999 -9999 -9999 -9999 -9999 -9999 -9999 -9999 -9999 -9999 -9999 -9999 -9999 -9999 -9999 -9999 -9999 -9999 -9999 -9999 -9999 -9999 -9999 -9999 -9999 -9999 -9999 -9999 -9999 -9999 -9999 -9999 -9999
269 225 204 212 286 237 298 502 357 293 261 296 275 209 206 187 187 250 344 213 268 228 103 106 150 334 466 504 394 296 551 410 267 189 179 333 340 404 541 468 301 131 296 273 230 216 72 178 222 141 121 118 33 10 10 6 -9999 5 1 -9999 -9999 14 48 36 23 -9999 -9999 -9999 -9999 -9999 -9999 -9999 -9999 -9999 -9999 -9999 -9999 -9999 -9999 -9999 -9999 -9999 -9999 -9999 -9999 -9999 -9999 -9999 -9999
217 194 195 198 293 258 315 401 277 227 271 455 367 297 299 225 183 319 478 317 279 166 105 265 227 235 393 643 561 408 569 568 314 197 242 518 526 504 519 311 158 237 451 409 297 136 189 284 337 370 334 219 53 104 84 47 38 29 27 22 25 25 127 135 78 12 -9999 -9999 -9999 -9999 -9999 -9999 -9999 -9999 -9999 -9999 -9999 -9999 -9999 -9999 -9999 -9999 -9999 -9999 -9999 -9999 -9999 -9999 -9999
180 180 177 196 248 250 289 303 239 212 258 340 458 396 314 238 246 279 442 344 308 180 200 188 375 338 350 495 706 600 590 636 451 254 331 683 746 658 433 239 159 228 296 207 139 160 127 320 456 469 378 235 234 211 227 164 174 255 233 174 96 12 83 180 125 55 -9999 -9999 -9999 4 -9999 -9999 -9999 -9999 -9999 -9999 -9999 -9999 -9999 -9999 -9999 -9999 -9999 -9999 -9999 -9999 -9999 -9999 -9999
155 159 154 196 210 219 235 233 206 235 267 312 510 468 344 249 318 343 375 304 342 270 298 177 369 596 457 489 705 842 775 748 616 320 349 666 928 567 270 304 316 417 224 147 176 194 115 163 275 380 346 163 164 171 236 260 223 253 287 295 197 57 33 178 194 85 19 15 2 23 25 9 13 7 6 -9999 -9999 -9999 -9999 -9999 -9999 -9999 -9999 -9999 -9999 -9999 -9999 -9999 -9999
145 139 146 176 176 177 184 186 180 344 451 449 561 473 396 271 429 452 460 312 309 250 275 189 355 586 612 485 707 972 926 842 611 370 468 634 674 429 265 455 492 393 202 315 298 188 121 167 204 193 163 70 61 62 107 152 236 300 241 272 292 194 51 145 261 154 58 86 30 55 73 36 98 63 41 44 20 18 10 -9999 -9999 -9999 -9999 -9999 -9999 -9999 -9999 -9999 -9999
124 127 171 177 151 150 148 174 215 342 353 410 519 470 360 296 378 493 432 332 347 268 189 275 296 551 736 630 735 938 1110 967 667 492 644 521 412 304 303 448 312 256 249 356 598 466 254 366 403 208 124 92 214 200 104 85 168 374 286 280 324 254 215 102 85 146 128 107 37 117 125 112 127 170 139 90 58 108 63 10 -9999 -9999 -9999 -9999 -9999 -9999 -9999 -9999 -9999
118 128 159 145 139 131 142 270 324 478 393 401 470 455 344 328 332 431 448 362 333 306 224 332 310 431 630 701 712 830 1135 1051 758 666 708 502 322 400 442 484 314 434 597 444 661 590 361 285 426 282 247 136 199 390 302 187 134 280 272 314 292 280 247 129 62 146 178 84 57 120 232 197 192 216 205 196 137 206 134 31 17 12 -9999 -9999 -9999 -9999 -9999 -9999 -9999
131 149 158 126 123 124 152 235 312 430 331 373 464 417 320 310 299 306 380 355 331 310 256 278 325 419 471 586 725 802 1084 1039 861 776 572 415 401 516 635 534 537 494 761 703 632 465 303 405 474 331 353 236 138 337 596 354 167 323 226 155 134 158 119 76 43 52 74 98 86 131 292 275 232 211 236 240 202 214 200 133 88 31 -9999 -9999 -9999 -9999 -9999 -9999 -9999
145 191 173 118 114 138 143 193 303 394 340 270 372 381 297 297 304 278 316 347 341 316 279 273 274 379 501 506 610 767 1054 1050 867 719 761 543 443 662 650 614 824 549 760 829 554 446 390 577 737 592 430 235 249 414 650 441 286 537 452 243 241 268 240 209 131 90 37 45 60 99 330 385 317 279 220 220 236 236 287 217 97 28 -9999 -9999 -9999 -9999 -9999 -9999 -9999
130 159 135 105 111 133 162 182 245 390 267 231 290 318 269 247 266 260 292 303 296 264 262 373 333 449 502 610 585 709 822 1019 1032 989 921 581 510 739 800 787 1012 683 730 962 729 849 550 552 900 823 585 370 280 431 707 514 491 610 408 391 266 183 207 209 159 105 48 52 71 83 282 380 441 388 303 212 243 258 273 202 100 53 19 -9999 -9999 -9999 -9999 -9999 -9999
103 118 104 98 111 122 160 166 197 272 226 210 218 225 246 222 235 241 266 292 308 275 247 271 336 359 458 535 584 688 841 964 1076 990 826 637 587 858 943 986 1168 771 787 1033 955 1050 737 672 802 928 637 499 314 599 647 595 701 550 375 276 256 384 301 143 111 93 54 90 149 167 290 401 501 469 418 241 263 265 284 174 106 88 42 17 -9999 -9999 -9999 -9999 -9999
92 94 92 95 102 97 162 213 255 316 430 477 449 326 228 237 249 263 261 309 344 300 271 261 410 423 443 514 688 732 938 1110 1185 1020 789 615 587 846 1084 1289 1291 1061 917 1103 1303 1070 1034 882 1024 1019 912 586 374 546 751 858 791 442 390 292 235 416 334 257 246 157 70 61 105 162 311 462 528 508 400 302 239 290 294 206 133 103 59 21 -9999 -9999 -9999 -9999 -9999
90 87 86 91 123 235 366 480 496 475 507 583 604 485 338 267 273 291 277 276 300 317 298 272 329 405 399 562 794 911 1057 1218 1408 1311 1048 872 691 785 1026 1239 1470 1410 1122 1191 1514 1351 1156 1037 1076 1264 1111 690 530 652 965 788 640 379 373 321 271 359 332 202 204 160 124 57 82 165 372 523 573 484 428 368 351 348 293 201 157 121 106 71 -9999 -9999 -9999 -9999 -9999
258 166 183 180 246 331 460 611 643 578 546 619 622 597 513 332 305 327 308 291 290 316 334 327 288 301 389 514 738 739 894 990 1294 1267 1228 988 854 800 897 1116 1319 1604 1409 1440 1717 1712 1388 1326 1292 1262 1003 717 682 927 939 663 550 444 493 600 326 410 282 356 245 197 175 118 65 172 348 579 625 577 498 427 399 425 363 226 179 222 152 82 52 -9999 -9999 -9999 -9999
290 209 108 249 318 394 435 543 589 641 649 565 540 556 604 533 418 396 429 399 420 415 342 375 373 368 349 371 501 560 699 819 1010 1085 1222 1176 1201 1067 1124 1047 1089 1270 1398 1568 1625 1690 1830 1784 1591 1333 962 783 905 1112 1155 866 589 601 774 577 356 530 377 388 217 265 234 128 95 128 246 354 432 662 596 569 502 470 386 279 263 353 298 158 111 58 -9999 -9999 -9999
340 301 155 267 321 367 380 416 470 492 469 497 461 448 543 596 588 588 580 615 617 568 431 421 424 380 411 475 460 566 623 766 872 903 1040 1238 1306 1368 1227 1005 975 1101 1262 1476 1435 1451 1726 1874 1555 1239 995 1006 1364 1352 1043 694 714 901 712 426 529 644 604 491 289 260 300 168 146 178 162 223 358 649 691 657 661 591 477 335 289 416 418 283 157 125 35 -9999 -9999
298 298 242 147 255 270 282 310 351 388 318 202 283 410 516 563 591 583 654 681 671 550 477 466 429 336 313 348 393 555 622 733 785 768 977 981 1035 1219 1260 1070 934 1066 1266 1378 1142 1204 1398 1774 1548 1302 1083 1286 1471 1218 855 890 1014 1171 893 493 784 805 801 737 496 318 427 267 341 170 202 212 374 614 761 731 786 747 591 419 305 397 486 399 224 152 94 18 -9999
276 250 242 127 173 178 209 254 274 303 333 179 175 351 451 505 524 521 513 539 541 484 397 342 250 225 230 228 307 372 518 727 736 656 744 795 851 1171 1241 1109 859 959 1161 1249 1064 950 1180 1504 1860 1593 1281 1360 1530 1390 1057 1254 1301 1033 670 578 931 1037 947 702 490 359 518 338 418 329 165 137 213 421 735 851 875 860 707 500 322 293 461 454 304 184 106 45 -9999
264 225 206 142 94 118 114 161 212 270 351 328 87 229 318 355 388 404 415 418 443 394 295 202 110 147 183 187 217 309 470 531 576 546 712 770 691 952 1012 1179 899 876 987 1017 896 872 1029 1362 1629 1673 1593 1629 1851 1680 1279 1488 1060 789 892 703 942 1116 790 637 447 472 729 471 484 387 259 200 172 263 460 796 894 907 767 565 401 262 327 406 327 217 141 57 6
233 201 180 146 66 84 93 148 215 243 215 246 77 70 138 193 214 254 291 304 310 235 158 67 87 115 144 165 193 255 417 551 470 519 642 691 548 678 864 1040 883 723 732 773 741 994 1140 1154 1255 1336 1751 1959 2126 1852 1656 1684 1184 1068 1207 925 1050 1141 777 610 511 527 701 614 634 585 360 293 260 185 267 430 691 962 828 657 462 343 235 255 251 210 136 49 8
205 187 152 99 54 53 96 124 179 172 130 179 29 5 21 42 78 114 171 205 171 74 49 51 76 101 122 136 150 180 259 387 455 383 407 434 455 613 791 996 1037 917 727 620 631 941 1022 971 959 1182 1639 1755 1979 1950 1923 1882 1483 1354 1363 1223 1338 1125 795 795 742 629 597 769 812 681 434 443 476 288 226 268 494 843 949 785 623 452 377 223 175 173 138 56 18
177 174 118 77 54 49 46 54 97 98 95 88 31 5 5 5 18 34 5 6 11 20 30 44 62 80 97 107 121 146 186 236 311 358 352 486 572 717 736 840 947 974 854 642 549 647 867 899 865 1200 1445 1533 1663 1546 1592 1509 1624 1506 1277 1242 1216 1295 874 629 621 485 690 742 915 844 515 618 622 455 327 256 369 572 887 977 791 645 498 376 179 97 90 48 23
122 121 71 48 48 45 43 45 72 76 88 98 28 10 8 8 8 4 3 5 10 16 28 42 56 68 83 101 121 140 165 190 217 231 363 491 642 851 878 1026 1070 938 798 738 643 570 548 719 760 952 1151 1438 1385 1358 1406 1152 1161 1367 1029 959 1200 1299 932 664 480 583 653 770 853 753 731 811 801 653 460 317 298 476 602 922 976 782 585 478 331 130 85 60 56
89 75 44 42 42 40 37 38 69 89 105 101 84 13 11 11 8 5 3 4 5 12 22 37 48 61 80 97 112 142 178 183 204 203 362 482 542 623 842 993 1002 1114 1002 912 765 613 564 671 620 712 924 1246 1137 1206 1292 906 1026 1141 1083 790 888 981 815 620 448 638 894 938 1013 817 1011 1042 1109 888 667 483 375 385 483 708 1044 953 788 607 474 283 166 99 78
61 39 36 38 37 36 34 30 43 65 39 58 62 17 13 11 8 6 4 3 4 8 15 27 41 55 71 86 95 117 233 185 185 188 360 348 469 453 567 720 858 1077 996 860 591 423 542 591 553 646 779 945 1088 894 969 810 724 901 798 611 638 823 599 412 465 659 939 887 894 1007 1099 954 1121 1078 842 701 560 609 599 636 945 1058 949 802 636 452 318 166 106
41 30 32 35 34 32 32 32 29 29 23 20 19 15 13 10 8 6 4 0 -9999 -9999 8 19 33 44 58 71 76 78 207 285 176 149 393 510 450 374 647 789 872 930 827 700 694 523 353 403 432 501 704 681 743 796 709 669 599 659 506 569 785 824 428 420 672 733 882 633 796 832 1013 841 940 835 751 763 778 732 678 559 700 874 954 882 757 567 406 255 128
27 27 28 30 31 29 28 29 25 23 19 16 16 15 12 10 9 4 3 3 -9999 -9999 -9999 11 22 31 43 54 55 57 88 333 332 159 291 606 539 323 547 810 652 682 933 886 744 562 442 305 453 602 557 589 589 544 523 514 408 519 453 442 733 817 454 426 701 611 739 501 627 588 810 684 738 622 554 532 652 540 486 483 563 597 677 843 773 631 471 319 179
23 25 24 26 26 25 24 23 23 24 21 18 16 15 11 10 8 6 4 -9999 -9999 -9999 -9999 6 10 17 27 35 35 37 35 126 343 339 220 407 532 318 422 679 495 565 750 754 613 506 410 277 264 435 573 663 665 621 472 405 451 375 356 323 373 490 388 312 390 610 625 468 500 564 576 565 479 524 413 361 438 317 327 463 402 388 421 609 726 626 482 345 240
19 21 21 22 21 23 21 21 21 19 18 17 16 14 11 7 6 5 4 6 -9999 -9999 -9999 -9999 -9999 6 12 17 17 17 13 15 44 170 249 148 251 323 227 356 361 506 632 577 475 669 554 429 232 261 415 727 794 734 627 459 350 319 289 340 238 211 183 157 213 353 487 391 445 426 419 545 399 352 304 245 380 313 252 319 341 252 265 344 443 508 471 300 269
16 18 17 17 17 19 18 17 18 15 15 15 12 11 9 6 6 6 4 -9999 -9999 -9999 -9999 -9999 -9999 -9999 -9999 -9999 -9999 -9999 -9999 -9999 -9999 -9999 -9999 136 90 273 222 221 274 355 394 427 318 509 479 332 282 228 437 771 813 607 504 463 385 342 278 229 203 200 195 153 115 140 217 249 252 227 241 323 381 303 321 220 331 255 227 218 280 166 183 173 174 177 227 178 196
14 15 14 12 13 14 15 15 15 14 13 12 9 9 15 57 15 4 -9999 -9999 -9999 -9999 -9999 -9999 -9999 -9999 -9999 -9999 -9999 -9999 -9999 -9999 -9999 -9999 -9999 21 37 76 99 203 168 177 217 224 215 394 420 278 196 255 528 710 824 773 728 619 550 449 308 228 190 153 171 147 109 98 178 210 231 214 222 254 226 187 174 136 208 183 148 178 137 95 115 73 36 35 27 35 49
11 11 11 10 10 11 12 12 13 12 11 9 8 7 22 106 125 12 -9999 -9999 -9999 -9999 5 5 -9999 -9999 -9999 -9999 -9999 5 4 -9999 -9999 -9999 -9999 -9999 -9999 -9999 -9999 47 109 75 86 70 160 267 395 387 214 177 267 414 655 820 821 663 674 473 353 320 246 159 135 119 103 88 117 197 232 232 233 211 218 229 148 124 107 78 65 50 51 47 41 33 25 22 19 18 16
9 9 9 8 10 9 12 33 29 12 11 8 7 5 11 92 95 -9999 -9999 -9999 -9999 -9999 -9999 -9999 -9999 -9999 4 3 4 4 -9999 -9999 -9999 -9999 -9999 -9999 -9999 -9999 -9999 -9999 -9999 -9999 -9999 94 89 153 231 302 239 164 135 270 497 559 482 520 711 566 511 387 314 216 180 135 101 85 75 93 159 216 220 251 248 207 193 167 171 102 69 72 73 73 67 73 58 39 22 21 15
