Data/dem.asc
NCOLS 288 
NROWS 120 
XLLCORNER -78.5 
YLLCORNER 17.6 
CELLSIZE 0.00833333333333335 
NODATA_value -9999 
[rows 0 to 39 of 120, columns 89 to 177 of 288]
-9999 -9999 -9999 -9999 -9999 -9999 -9999 -9999 -9999 -9999 -9999 -9999 -9999 -9999 -9999 -9999 -9999 -9999 -9999 -9999 -9999 -9999 -9999 -9999 -9999 -9999 -9999 -9999 -9999 -9999 -9999 -9999 -9999 -9999 -9999 -9999 -9999 -9999 -9999 -9999 -9999 -9999 -9999 -9999 -9999 -9999 -9999 -9999 -9999 -9999 -9999 -9999 -9999 -9999 -9999 -9999 -9999 -9999 -9999 -9999 -9999 -9999 -9999 -9999 -9999 -9999 -9999 -9999 -9999 -9999 -9999 -9999 -9999 -9999 -9999 -9999 -9999 -9999 -9999 -9999 -9999 -9999 -9999 -9999 -9999 -9999 -9999 -9999 -9999
-9999 -9999 -9999 -9999 -9999 -9999 -9999 -9999 -9999 -9999 -9999 -9999 -9999 -9999 -9999 -9999 -9999 -9999 -9999 -9999 -9999 -9999 -9999 -9999 -9999 -9999 -9999 -9999 -9999 -9999 -9999 -9999 -9999 -9999 -9999 -9999 -9999 -9999 -9999 -9999 -9999 -9999 -9999 -9999 -9999 -9999 -9999 -9999 -9999 -9999 -9999 -9999 -9999 -9999 -9999 -9999 -9999 -9999 -9999 -9999 -9999 -9999 -9999 -9999 -9999 -9999 -9999 -9999 -9999 -9999 -9999 -9999 -9999 -9999 -9999 -9999 -9999 -9999 -9999 -9999 -9999 -9999 -9999 -9999 -9999 -9999 -9999 -9999 -9999
-9999 -9999 -9999 -9999 -9999 -9999 -9999 -9999 -9999 -9999 -9999 -9999 -9999 -9999 -9999 -9999 -9999 -9999 -9999 -9999 -9999 -9999 -9999 -9999 -9999 -9999 -9999 -9999 -9999 -9999 -9999 -9999 -9999 -9999 -9999 -9999 -9999 -9999 -9999 -9999 -9999 -9999 -9999 -9999 -9999 -9999 -9999 -9999 -9999 -9999 -9999 -9999 -9999 -9999 -9999 -9999 -9999 -9999 -9999 -9999 -9999 -9999 -9999 -9999 -9999 -9999 -9999 -9999 -9999 -9999 -9999 -9999 -9999 -9999 -9999 -9999 -9999 -9999 -9999 -9999 -9999 -9999 -9999 -9999 -9999 -9999 -9999 -9999 -9999
-9999 -9999 -9999 -9999 -9999 -9999 -9999 -9999 -9999 -9999 -9999 -9999 -9999 -9999 -9999 -9999 -9999 -9999 -9999 -9999 -9999 -9999 -9999 -9999 -9999 -9999 -9999 -9999 -9999 -9999 -9999 -9999 -9999 -9999 -9999 -9999 -9999 -9999 -9999 -9999 -9999 -9999 -9999 -9999 -9999 -9999 -9999 -9999 -9999 -9999 -9999 -9999 -9999 -9999 -9999 -9999 -9999 -9999 -9999 -9999 -9999 -9999 -9999 -9999 -9999 -9999 -9999 -9999 -9999 -9999 -9999 -9999 -9999 -9999 -9999 -9999 -9999 -9999 -9999 -9999 -9999 -9999 -9999 -9999 -9999 -9999 -9999 -9999 -9999
-9999 -9999 -9999 -9999 -9999 -9999 -9999 -9999 -9999 -9999 -9999 -9999 -9999 -9999 -9999 -9999 -9999 -9999 -9999 -9999 -9999 -9999 -9999 -9999 -9999 -9999 -9999 -9999 -9999 -9999 -9999 -9999 -9999 -9999 -9999 -9999 -9999 -9999 -9999 -9999 -9999 -9999 -9999 -9999 -9999 -9999 -9999 -9999 -9999 -9999 -9999 -9999 -9999 -9999 -9999 -9999 -9999 -9999 -9999 -9999 -9999 -9999 -9999 -9999 -9999 -9999 -9999 -9999 -9999 -9999 -9999 -9999 -9999 -9999 -9999 -9999 -9999 -9999 -9999 -9999 -9999 -9999 -9999 -9999 -9999 -9999 -9999 -9999 -9999
-9999 -9999 -9999 -9999 -9999 -9999 -9999 -9999 -9999 -9999 -9999 -9999 -9999 -9999 -9999 -9999 -9999 -9999 -9999 -9999 -9999 -9999 -9999 -9999 -9999 -9999 -9999 -9999 -9999 -9999 -9999 -9999 -9999 -9999 -9999 -9999 -9999 -9999 -9999 -9999 -9999 -9999 -9999 -9999 -9999 -9999 -9999 -9999 -9999 -9999 -9999 -9999 -9999 -9999 -9999 -9999 -9999 -9999 -9999 -9999 -9999 -9999 -9999 -9999 -9999 -9999 -9999 -9999 -9999 -9999 -9999 -9999 -9999 -9999 -9999 -9999 -9999 -9999 -9999 -9999 -9999 -9999 -9999 -9999 -9999 -9999 -9999 -9999 -9999
-9999 -9999 -9999 -9999 -9999 -9999 -9999 -9999 -9999 -9999 -9999 -9999 -9999 -9999 -9999 -9999 -9999 -9999 -9999 -9999 -9999 -9999 -9999 -9999 -9999 -9999 -9999 -9999 -9999 -9999 -9999 -9999 -9999 -9999 -9999 -9999 -9999 -9999 -9999 -9999 -9999 -9999 -9999 -9999 -9999 -9999 -9999 -9999 -9999 -9999 -9999 -9999 -9999 -9999 -9999 -9999 -9999 -9999 -9999 -9999 -9999 -9999 -9999 -9999 -9999 -9999 -9999 -9999 -9999 -9999 -9999 -9999 -9999 -9999 -9999 -9999 -9999 -9999 -9999 -9999 -9999 -9999 -9999 -9999 -9999 -9999 -9999 -9999 -9999
-9999 -9999 -9999 -9999 -9999 -9999 -9999 -9999 -9999 -9999 -9999 -9999 -9999 -9999 -9999 -9999 -9999 -9999 -9999 -9999 -9999 -9999 -9999 -9999 -9999 -9999 -9999 -9999 -9999 -9999 -9999 -9999 -9999 -9999 -9999 -9999 -9999 -9999 -9999 -9999 -9999 -9999 -9999 -9999 -9999 -9999 -9999 -9999 -9999 -9999 -9999 -9999 -9999 -9999 -9999 -9999 -9999 -9999 -9999 -9999 -9999 -9999 -9999 -9999 -9999 -9999 -9999 -9999 -9999 -9999 -9999 -9999 -9999 -9999 -9999 -9999 -9999 -9999 -9999 -9999 -9999 -9999 -9999 -9999 -9999 -9999 -9999 -9999 -9999
-9999 -9999 -9999 -9999 -9999 -9999 -9999 -9999 -9999 -9999 -9999 -9999 -9999 -9999 -9999 -9999 -9999 -9999 -9999 -9999 -9999 -9999 -9999 -9999 -9999 -9999 -9999 -9999 -9999 -9999 -9999 -9999 -9999 -9999 -9999 -9999 -9999 -9999 -9999 -9999 -9999 -9999 -9999 -9999 -9999 -9999 -9999 -9999 -9999 -9999 -9999 -9999 -9999 -9999 -9999 -9999 -9999 -9999 -9999 -9999 -9999 -9999 -9999 -9999 -9999 -9999 -9999 -9999 -9999 -9999 -9999 -9999 -9999 -9999 -9999 -9999 -9999 -9999 -9999 -9999 -9999 -9999 -9999 -9999 -9999 -9999 -9999 -9999 -9999
-9999 -9999 -9999 -9999 -9999 -9999 -9999 -9999 -9999 -9999 -9999 -9999 -9999 -9999 -9999 -9999 -9999 -9999 -9999 -9999 -9999 -9999 -9999 -9999 -9999 -9999 -9999 -9999 -9999 -9999 -9999 -9999 -9999 -9999 -9999 -9999 -9999 -9999 -9999 -9999 -9999 -9999 -9999 -9999 -9999 -9999 -9999 -9999 -9999 -9999 -9999 -9999 -9999 -9999 -9999 -9999 -9999 -9999 -9999 -9999 -9999 -9999 -9999 -9999 -9999 -9999 -9999 -9999 -9999 -9999 -9999 -9999 -9999 -9999 -9999 -9999 -9999 -9999 -9999 -9999 -9999 -9999 -9999 -9999 -9999 -9999 -9999 -9999 -9999
13 5 5 5 -9999 -9999 -9999 -9999 -9999 -9999 -9999 -9999 -9999 -9999 -9999 -9999 -9999 -9999 -9999 -9999 -9999 -9999 -9999 -9999 -9999 -9999 -9999 -9999 -9999 -9999 -9999 -9999 -9999 -9999 -9999 -9999 -9999 -9999 -9999 -9999 -9999 -9999 -9999 -9999 -9999 -9999 -9999 -9999 -9999 -9999 -9999 -9999 -9999 -9999 -9999 -9999 -9999 -9999 -9999 -9999 -9999 -9999 -9999 -9999 -9999 -9999 -9999 -9999 -9999 -9999 -9999 -9999 -9999 -9999 -9999 -9999 -9999 -9999 -9999 -9999 -9999 -9999 -9999 -9999 -9999 -9999 -9999 -9999 -9999
110 81 51 32 17 4 -9999 -9999 -9999 -9999 -9999 -9999 -9999 -9999 -9999 -9999 -9999 -9999 -9999 -9999 -9999 -9999 -9999 -9999 -9999 -9999 -9999 -9999 -9999 -9999 -9999 -9999 -9999 -9999 -9999 -9999 -9999 -9999 -9999 -9999 -9999 -9999 -9999 -9999 -9999 -9999 -9999 -9999 -9999 -9999 -9999 -9999 -9999 -9999 -9999 -9999 -9999 -9999 -9999 -9999 -9999 -9999 -9999 -9999 -9999 -9999 -9999 -9999 -9999 -9999 -9999 -9999 -9999 -9999 -9999 -9999 -9999 -9999 -9999 -9999 -9999 -9999 -9999 -9999 -9999 -9999 -9999 -9999 -9999
189 161 116 63 66 43 14 5 -9999 4 3 3 7 -9999 -9999 -9999 -9999 -9999 -9999 -9999 -9999 -9999 -9999 -9999 -9999 -9999 -9999 -9999 -9999 -9999 -9999 -9999 -9999 -9999 -9999 -9999 -9999 -9999 -9999 -9999 -9999 -9999 -9999 -9999 -9999 -9999 -9999 -9999 -9999 -9999 -9999 -9999 -9999 -9999 -9999 -9999 -9999 -9999 -9999 -9999 -9999 -9999 -9999 -9999 -9999 -9999 -9999 -9999 -9999 -9999 -9999 -9999 -9999 -9999 -9999 -9999 -9999 -9999 -9999 -9999 -9999 -9999 -9999 -9999 -9999 -9999 -9999 -9999 -9999
227 134 105 66 82 85 46 25 16 4 4 3 3 4 -9999 -9999 4 3 -9999 6 21 13 29 45 21 12 5 4 -9999 -9999 -9999 -9999 -9999 -9999 -9999 -9999 -9999 -9999 -9999 -9999 -9999 -9999 -9999 -9999 -9999 -9999 -9999 -9999 -9999 -9999 -9999 -9999 -9999 -9999 -9999 -9999 -9999 -9999 -9999 -9999 -9999 -9999 -9999 -9999 -9999 -9999 -9999 -9999 -9999 -9999 -9999 -9999 -9999 -9999 -9999 -9999 -9999 -9999 -9999 -9999 -9999 -9999 -9999 -9999 -9999 -9999 -9999 -9999 -9999
211 142 100 76 81 154 154 127 104 53 6 6 2 2 8 18 16 9 42 39 35 67 80 61 60 59 44 51 47 42 15 6 7 14 10 10 -9999 -9999 18 5 -9999 -9999 -9999 -9999 -9999 -9999 -9999 -9999 -9999 -9999 -9999 -9999 -9999 -9999 -9999 -9999 -9999 -9999 -9999 -9999 -9999 -9999 -9999 -9999 -9999 -9999 -9999 -9999 -9999 -9999 -9999 -9999 -9999 -9999 -9999 -9999 -9999 -9999 -9999 -9999 -9999 -9999 -9999 -9999 -9999 -9999 -9999 -9999 -9999
165 165 143 101 87 104 117 129 162 84 24 12 16 31 33 52 71 68 87 87 59 105 94 85 96 88 124 109 119 111 69 23 52 81 87 64 8 56 76 52 23 -9999 -9999 5 -9999 -9999 -9999 -9999 -9999 -9999 -9999 -9999 -9999 5 5 -9999 -9999 -9999 -9999 -9999 -9999 -9999 -9999 -9999 -9999 -9999 -9999 -9999 -9999 -9999 -9999 -9999 -9999 -9999 -9999 -9999 -9999 -9999 -9999 -9999 -9999 -9999 -9999 -9999 -9999 -9999 -9999 -9999 -9999
147 155 156 137 128 105 102 103 91 64 31 30 44 62 80 121 116 145 139 157 198 193 173 171 201 200 185 174 174 123 98 87 132 174 186 102 17 102 129 97 80 15 -9999 9 10 16 12 3 1 13 10 10 9 12 8 17 27 23 13 5 4 2 -9999 -9999 -9999 -9999 -9999 -9999 -9999 -9999 -9999 -9999 -9999 -9999 -9999 -9999 -9999 -9999 -9999 -9999 -9999 -9999 -9999 -9999 -9999 -9999 -9999 -9999 -9999
133 129 139 145 137 134 151 149 112 74 70 63 79 42 115 167 179 181 216 230 217 219 232 245 240 251 247 240 257 249 196 168 192 218 218 136 67 130 145 133 106 53 90 75 73 92 48 16 49 59 38 43 77 89 77 80 98 95 69 24 17 14 15 7 -9999 -9999 -9999 -9999 -9999 -9999 -9999 -9999 -9999 -9999 -9999 -9999 -9999 -9999 -9999 -9999 -9999 -9999 -9999 -9999 -9999 -9999 -9999 -9999 -9999
109 106 112 115 129 136 160 170 150 140 124 102 85 44 90 124 171 202 214 219 222 212 239 240 212 214 229 243 265 273 260 248 240 220 189 141 133 130 189 200 137 130 159 149 170 200 142 99 143 139 109 122 145 176 213 206 205 200 138 103 63 43 36 24 11 5 -9999 -9999 -9999 -9999 -9999 -9999 -9999 -9999 -9999 -9999 -9999 -9999 -9999 -9999 -9999 -9999 -9999 -9999 -9999 -9999 -9999 -9999 -9999
103 99 93 93 105 117 146 151 143 120 119 132 126 88 143 161 156 165 180 175 194 196 201 213 209 201 228 239 241 241 248 227 259 290 262 220 193 168 240 208 190 203 233 202 184 211 193 177 212 230 190 200 241 314 317 335 311 292 221 150 107 96 94 95 64 33 19 13 10 13 8 -9999 -9999 -9999 -9999 -9999 -9999 -9999 -9999 -9999 -9999 -9999 -9999 -9999 -9999 -9999 -9999 -9999 -9999
112 101 95 91 91 95 120 159 145 111 99 114 86 138 160 187 193 213 218 196 201 203 188 186 194 189 208 214 221 226 235 232 259 285 306 306 290 178 221 238 259 251 279 276 261 280 261 266 295 295 244 257 290 362 419 453 445 406 379 277 209 170 150 152 141 118 103 54 37 20 18 10 -9999 -9999 -9999 -9999 -9999 -9999 -9999 -9999 -9999 -9999 -9999 -9999 -9999 -9999 -9999 -9999 -9999
125 110 95 93 95 93 101 118 118 114 102 98 104 149 144 173 183 201 210 202 235 225 234 258 214 193 198 210 209 199 196 198 221 257 298 299 274 209 256 287 285 307 333 327 339 354 353 323 333 321 321 301 335 392 443 486 520 525 522 436 341 271 264 245 222 209 175 91 127 68 63 60 36 29 -9999 -9999 -9999 -9999 -9999 -9999 -9999 -9999 -9999 12 13 17 15 14 -9999
124 108 105 95 99 117 94 86 88 89 98 89 112 136 162 175 203 190 182 211 227 212 217 222 189 190 201 249 255 276 272 229 211 200 217 249 264 211 275 293 295 326 335 347 355 359 361 361 371 379 362 377 403 445 475 505 536 551 550 533 469 413 437 368 314 272 216 131 221 196 165 164 109 87 84 78 45 -9999 -9999 15 17 14 16 58 66 91 88 68 35
137 104 117 100 122 115 86 79 89 104 114 113 141 181 229 233 241 225 164 175 192 178 204 212 190 185 195 223 231 266 264 230 269 262 234 235 221 204 268 297 294 310 307 323 335 351 384 359 376 377 376 354 395 460 463 501 554 588 585 533 523 529 563 499 411 341 248 174 298 330 263 297 220 165 127 137 163 82 24 46 69 51 49 79 111 155 178 138 50
194 109 99 109 119 158 142 94 91 101 131 118 132 175 231 251 240 201 204 315 308 308 333 330 340 299 281 302 323 368 357 350 236 228 252 288 292 210 216 249 301 315 342 375 406 431 428 435 453 463 458 411 462 504 538 589 628 649 648 620 587 579 590 567 539 398 284 252 406 408 339 366 327 283 220 193 198 176 148 109 119 111 115 141 148 222 240 131 73
138 128 103 147 201 131 118 98 99 107 125 128 138 141 181 227 295 279 272 305 309 341 397 379 338 322 339 401 392 429 405 368 279 270 301 315 282 276 316 348 362 360 361 376 381 421 443 462 469 476 477 483 515 542 578 609 631 643 646 666 637 624 622 616 588 506 384 417 506 437 383 387 400 436 423 377 310 302 316 209 177 157 177 190 172 229 275 179 74
129 222 152 105 127 120 97 90 83 96 124 137 206 196 201 182 234 253 280 364 375 393 420 354 319 358 411 445 395 449 335 350 332 394 379 348 295 322 306 313 363 380 436 468 511 520 511 513 506 525 503 494 503 521 552 587 610 637 660 681 684 674 615 602 621 594 530 503 494 464 394 400 470 493 488 500 476 395 340 284 264 208 213 224 197 220 303 226 147
183 283 231 243 147 191 145 156 125 118 136 150 148 164 197 203 204 278 337 370 395 397 422 389 353 366 434 459 424 454 302 316 324 377 432 403 365 381 372 393 393 445 491 505 482 486 522 531 542 562 579 562 504 502 528 537 545 570 598 631 657 626 590 587 631 550 536 500 460 461 420 424 489 515 540 534 537 474 374 367 330 286 289 264 234 237 309 300 133
277 328 299 320 243 196 161 175 160 121 120 138 120 134 212 270 270 297 370 397 433 406 446 428 359 425 449 461 415 401 314 363 351 325 425 436 399 408 431 463 481 478 499 492 462 508 509 546 572 630 664 648 636 640 660 656 650 607 574 595 607 598 585 597 573 569 514 470 435 456 434 409 470 507 540 547 529 498 425 434 392 398 378 358 281 281 307 305 161
386 366 388 372 365 252 277 259 220 163 162 177 185 142 241 253 263 293 348 412 446 422 463 465 423 459 470 509 453 374 361 413 390 376 412 472 485 499 516 509 541 554 526 489 498 531 536 568 609 650 704 704 706 682 664 668 677 680 667 610 584 606 639 639 618 597 558 459 410 429 452 435 465 480 483 509 547 497 448 455 425 434 422 387 349 305 329 323 163
385 371 361 380 373 335 381 396 360 317 270 223 192 239 251 217 245 270 337 392 425 421 439 447 427 472 500 525 494 405 434 505 468 454 435 500 515 506 546 522 570 567 520 525 543 545 592 602 645 683 713 723 721 706 672 662 674 657 664 671 665 641 629 669 669 646 595 518 426 417 443 425 443 446 444 480 496 494 422 401 408 417 411 402 382 324 354 330 220
419 440 429 438 383 378 433 460 447 422 370 300 249 225 239 238 299 308 373 389 426 449 435 500 481 517 522 554 494 415 488 519 503 449 510 517 505 524 560 542 587 597 546 539 593 594 598 615 653 690 718 716 719 707 678 647 659 639 649 673 713 735 684 634 652 675 637 534 476 443 455 450 444 435 460 438 445 481 444 407 362 370 403 410 361 339 326 318 235
398 374 414 430 420 423 447 489 505 521 467 410 358 339 304 288 341 372 408 386 447 474 452 490 501 557 549 589 580 477 524 540 524 444 550 508 529 541 547 557 548 585 563 572 584 599 600 623 647 681 716 721 737 748 744 708 687 709 706 691 724 734 740 751 709 637 615 537 474 466 468 457 453 443 434 387 383 423 449 429 416 405 422 447 419 342 305 311 288
419 423 433 406 394 405 474 519 542 551 497 459 403 405 372 309 385 401 422 416 479 514 486 518 559 593 584 600 530 506 518 538 521 562 543 541 554 565 539 553 560 585 563 586 597 599 611 612 638 650 693 722 752 762 749 723 731 728 738 714 748 788 799 775 742 681 563 511 485 505 513 504 473 443 391 353 359 439 451 446 421 405 393 394 397 341 295 331 343
378 373 422 408 404 401 478 521 545 566 549 520 471 430 409 353 429 410 432 421 449 495 501 536 601 626 603 588 451 485 489 504 519 575 561 547 575 573 562 571 558 550 564 599 603 605 616 615 631 618 632 619 626 651 642 660 696 713 732 739 748 756 754 741 715 677 536 471 471 499 535 552 536 479 412 452 437 449 455 460 471 447 403 368 358 312 288 322 368
421 400 415 399 365 389 401 470 535 552 526 506 484 456 440 380 434 402 439 415 442 480 506 527 599 635 636 529 409 417 468 462 460 530 521 518 537 563 567 599 555 553 565 574 569 572 571 579 627 659 690 687 661 635 647 677 690 699 734 748 743 744 733 724 688 621 503 461 502 614 688 695 664 570 444 429 428 401 389 411 413 429 448 440 459 461 370 319 378
480 465 454 420 387 389 381 414 482 505 519 514 492 443 423 414 480 453 460 469 444 488 528 515 552 629 576 477 421 434 499 514 465 558 561 566 565 563 559 586 560 550 577 581 604 609 616 618 640 617 643 659 640 617 642 660 680 703 713 696 697 721 718 710 639 539 460 448 457 558 688 748 730 584 456 434 418 384 343 356 394 420 401 431 436 433 418 389 373
450 443 469 440 407 398 392 388 435 491 507 550 522 478 459 426 504 516 543 567 549 557 586 547 547 609 551 478 557 553 605 580 584 634 600 598 609 595 607 609 597 575 583 601 605 609 607 613 639 623 670 676 661 644 654 655 683 726 723 691 700 707 683 676 589 467 490 484 471 520 615 710 721 616 473 419 412 381 322 317 352 379 420 439 425 428 417 414 376
458 476 470 496 432 401 421 382 448 497 521 595 593 537 504 462 491 496 541 576 570 614 633 578 541 587 616 543 725 696 705 654 635 644 628 613 616 621 649 646 645 618 621 619 627 625 616 636 651 670 686 695 688 685 675 671 693 746 739 706 710 722 672 661 574 470 495 499 525 560 562 621 664 591 454 373 359 349 327 318 329 319 374 407 457 496 509 494 430
441 490 512 499 469 400 380 363 416 525 580 646 668 639 548 485 534 539 603 616 620 651 691 641 595 623 690 627 743 780 773 720 686 657 649 625 638 647 668 681 696 700 673 656 655 656 643 652 661 692 687 709 707 712 682 682 688 744 737 707 711 718 707 700 635 469 487 504 523 565 592 633 643 484 389 363 369 331 316 337 359 347 370 408 449 496 529 531 528
